Podaj zakres
5838
9174
5502
3946
6207
1606
398
6925
2831
4359
1982
3936
3448
5154
2807
6309
9560
5596
6878
248
4900
8845
814
8945
7849
1367
4847
8216
4248
9507
1675
7005
4778
5877
8892
5983
9437
3405
1628
7241
1846
9970
4820
1716
5967
3616
9098
3423
1408
8188
4147
3361
3977
4824
5128
2829
4360
9457
335
7458
5442
3880
29
4583
7012
6309
6498
7507
8741
162
1679
5608
571
1034
6344
447
8760
2658
474
8904
8896
1345
9049
9052
719
8438
7587
6803
1062
9533
2285
7802
4489
2701
5395
9138
769
3948
8281
6400
3066
637
8964
125
6273
6342
4869
8488
5298
5728
871
1711
3518
7181
4163
7924
1830
4369
5467
3070
7251
5783
5587
2059
6184
9448
9599
5729
6990
686
5175
1133
187
3201
9860
9551
6537
8079
8518
9241
1017
3066
7631
805
1731
6865
4829
1846
178
401
5669
314
3629
5443
3598
5176
4543
3691
643
2720
489
3228
8731
9212
9444
7091
2143
3085
3036
615
6447
9928
4699
7787
4066
8220
3731
583
9798
9589
3423
4797
3416
9269
439
2946
3575
4104
6884
4669
2396
8149
9128
1260
2338
7639
5954
9482
7688
2862
8879
9891
4763
9739
9777
7920
255
1356
9377
7780
6771
2223
7168
6983
1240
7236
6841
4984
3985
2167
7907
4180
1093
585
3090
3756
9774
1316
1737
3698
1758
7852
6421
4272
7191
4472
4401
1116
9033
162
4137
4770
8652
4283
1456
586
3445
8729
9626
3318
2212
9606
9711
4358
2285
3046
6245
4328
8157
6557
3910
2298
5194
9470
3099
7754
5751
2984
9193
1911
982
1812
1096
35
480
4889
5829
8064
6337
916
4375
7586
8910
3048
7279
3637
4644
2867
1694
877
1490
8366
1720
1874
3613
4133
5050
5862
4871
5093
7788
1496
9890
8812
9832
9794
7352
3084
6619
6227
5149
59
4885
4727
1930
6517
9449
254
5797
1170
2643
7039
3070
3952
9840
9251
7229
4420
1281
1701
4939
1739
3506
2063
8505
4058
1579
2583
6960
4082
563
3320
923
9395
398
1232
650
9409
1008
3429
1761
9298
4412
162
8147
1483
7941
3410
4522
1295
6657
8342
4287
283
2207
600
2489
5533
1635
7007
8027
1545
7082
8502
827
6478
1316
1459
8150
3293
4478
3268
7363
8462
6900
3382
2947
3481
9677
6516
839
720
5607
5573
4442
6281
6754
7066
9169
7807
9337
4009
917
6804
981
839
2806
7885
6881
329
3705
165
5494
7627
2817
5453
1568
1441
2511
5372
9772
9555
5884
1076
9566
4949
4340
9796
3482
4523
4492
6709
9128
2892
1888
3170
2746
2091
1320
5244
488
2423
3570
7720
8273
5985
9230
8246
4317
5158
6284
3715
9840
5624
6559
8757
5861
6736
5113
3195
1726
8078
2201
3159
3783
6949
8347
5143
1318
8851
6449
861
2939
2223
8954
2024
3487
7793
1529
7033
1328
5825
9662
2335
8472
4241
3293
5366
9320
108
9309
7617
2256
6900
3174
6733
4925
7135
6664
9806
494
3058
9911
7389
239
1609
6470
1182
491
9122
2236
2089
6679
4167
8249
3176
1483
6735
920
9120
9735
2937
32
7407
5717
8457
9361
6158
9167
5403
9317
5767
2080
1894
3219
7237
2196
2686
6056
1638
3472
3436
7149
8608
8618
6477
9697
5152
225
1500
37
4377
3224
7622
4965
3986
1705
6795
7382
2859
3483
9105
6310
8807
4788
727
3143
8993
9365
4357
4146
7937
7623
5316
4019
9757
7600
3616
6436
3755
1843
4678
5447
7678
6623
3205
1497
7132
7264
4331
933
5369
1481
5184
7677
2960
5513
3191
9404
1037
4833
6068
6391
4302
7788
2146
4942
1669
2018
6142
8097
3612
4683
2638
1449
2045
8769
8344
1231
1884
7287
6995
199
6624
2943
726
2136
7653
7999
4363
1690
8223
1956
4401
3672
8520
7568
5713
7106
4185
1229
2524
6908
7316
5466
4750
3046
5516
1192
4774
6877
758
1681
8039
5324
1834
3101
9013
1065
6016
787
3070
982
7641
8498
7509
1006
2754
9472
8012
3736
5320
2495
8834
854
6601
1322
1073
8259
2667
8808
7797
5332
8977
5388
3000
5837
7182
5250
2178
2880
7384
8390
1949
476
9212
2120
1520
6303
4869
769
2593
7050
933
4434
7462
1810
7020
6673
8888
8146
6979
2453
8545
9184
6199
5835
8638
4952
2909
7140
9296
4955
1789
7689
260
5108
1309
4279
505
361
7247
6976
2725
7763
7252
4881
267
1058
659
8938
3039
7390
2017
8420
4515
7740
8366
3998
5086
3322
4334
1259
6692
2944
2262
4908
5808
6061
3068
5324
4301
3054
4602
5447
955
7181
1938
1129
81
5342
9667
4674
8104
4585
2469
4920
2981
287
9183
5106
1734
3451
3907
7489
758
8650
4543
3880
1245
106
2122
5984
812
6667
8655
9565
2874
5520
5145
2403
7393
4505
8770
4592
3808
9317
1673
6419
4154
4893
6317
3529
6945
4854
8114
7698
4107
5077
1887
415
2079
2506
3265
6707
1677
8181
2136
2899
3928
9198
750
9239
8390
6100
9077
2813
3589
9169
9282
7196
7241
7494
8815
9236
5231
3992
4689
4855
9010
1039
4486
7613
900
436
1159
4464
4839
6066
7886
8799
1711
6064
5831
5568
4162
8537
6761
3929
4007
1450
395
9721
6486
7835
8272
988
2794
6584
5765
8938
8244
9539
1966
2269
353
8552
6220
8277
4275
5335
5813
7749
9243
7327
8777
830
4530
3061
4318
6767
3228
5733
2194
1598
3746
1806
934
3853
7857
1971
4574
1098
1257
5782
6394
6839
1975
8421
2341
8213
822
9092
4941
9783
5584
5772
7997
515
693
3362
5454
5805
6398
1916
9150
545
1275
4960
4325
2278
1550
8540
2676
2073
1546
3173
4678
7484
9794
7111
9522
9764
9202
8759
8056
9672
1681
3834
2905
8578
6487
3170
530
4805
3982
8263
8530
7094
6175
8754
699
2248
6431
354
9321
8224
1454
9509
405
5075
3705
6106
4232
3675
1181
9089
5959
7283
6519
9473
4465
277
2728
2924
206
1282
8707
2379
8317
-----[SORTUJE]------
9970
9928
9911
9891
9890
9860
9840
9840
9832
9806
9798
9796
9794
9794
9783
9777
9774
9772
9764
9757
9739
9735
9721
9711
9697
9677
9672
9667
9662
9626
9606
9599
9589
9566
9565
9560
9555
9551
9539
9533
9522
9509
9507
9482
9473
9472
9470
9457
9449
9448
9444
9437
9409
9404
9395
9377
9365
9361
9337
9321
9320
9317
9317
9309
9298
9296
9282
9269
9251
9243
9241
9239
9236
9230
9212
9212
9202
9198
9193
9184
9183
9174
9169
9169
9167
9150
9138
9128
9128
9122
9120
9105
9098
9092
9089
9077
9052
9049
9033
9013
9010
8993
8977
8964
8954
8945
8938
8938
8910
8904
8896
8892
8888
8879
8851
8845
8834
8815
8812
8808
8807
8799
8777
8770
8769
8760
8759
8757
8754
8741
8731
8729
8707
8655
8652
8650
8638
8618
8608
8578
8552
8545
8540
8537
8530
8520
8518
8505
8502
8498
8488
8472
8462
8457
8438
8421
8420
8390
8390
8366
8366
8347
8344
8342
8317
8281
8277
8273
8272
8263
8259
8249
8246
8244
8224
8223
8220
8216
8213
8188
8181
8157
8150
8149
8147
8146
8114
8104
8097
8079
8078
8064
8056
8039
8027
8012
7999
7997
7941
7937
7924
7920
7907
7886
7885
7857
7852
7849
7835
7807
7802
7797
7793
7788
7788
7787
7780
7763
7754
7749
7740
7720
7698
7689
7688
7678
7677
7653
7641
7639
7631
7627
7623
7622
7617
7613
7600
7587
7586
7568
7509
7507
7494
7489
7484
7462
7458
7407
7393
7390
7389
7384
7382
7363
7352
7327
7316
7287
7283
7279
7264
7252
7251
7247
7241
7241
7237
7236
7229
7196
7191
7182
7181
7181
7168
7149
7140
7135
7132
7111
7106
7094
7091
7082
7066
7050
7039
7033
7020
7012
7007
7005
6995
6990
6983
6979
6976
6960
6949
6945
6925
6908
6900
6900
6884
6881
6878
6877
6865
6841
6839
6804
6803
6795
6771
6767
6761
6754
6736
6735
6733
6709
6707
6692
6679
6673
6667
6664
6657
6624
6623
6619
6601
6584
6559
6557
6537
6519
6517
6516
6498
6487
6486
6478
6477
6470
6449
6447
6436
6431
6421
6419
6400
6398
6394
6391
6344
6342
6337
6317
6310
6309
6309
6303
6284
6281
6273
6245
6227
6220
6207
6199
6184
6175
6158
6142
6106
6100
6068
6066
6064
6061
6056
6016
5985
5984
5983
5967
5959
5954
5884
5877
5862
5861
5838
5837
5835
5831
5829
5825
5813
5808
5805
5797
5783
5782
5772
5767
5765
5751
5733
5729
5728
5717
5713
5669
5624
5608
5607
5596
5587
5584
5573
5568
5533
5520
5516
5513
5502
5494
5467
5466
5454
5453
5447
5447
5443
5442
5403
5395
5388
5372
5369
5366
5342
5335
5332
5324
5324
5320
5316
5298
5250
5244
5231
5194
5184
5176
5175
5158
5154
5152
5149
5145
5143
5128
5113
5108
5106
5093
5086
5077
5075
5050
4984
4965
4960
4955
4952
4949
4942
4941
4939
4925
4920
4908
4900
4893
4889
4885
4881
4871
4869
4869
4855
4854
4847
4839
4833
4829
4824
4820
4805
4797
4788
4778
4774
4770
4763
4750
4727
4699
4689
4683
4678
4678
4674
4669
4644
4602
4592
4585
4583
4574
4543
4543
4530
4523
4522
4515
4505
4492
4489
4486
4478
4472
4465
4464
4442
4434
4420
4412
4401
4401
4377
4375
4369
4363
4360
4359
4358
4357
4340
4334
4331
4328
4325
4318
4317
4302
4301
4287
4283
4279
4275
4272
4248
4241
4232
4185
4180
4167
4163
4162
4154
4147
4146
4137
4133
4107
4104
4082
4066
4058
4019
4009
4007
3998
3992
3986
3985
3982
3977
3952
3948
3946
3936
3929
3928
3910
3907
3880
3880
3853
3834
3808
3783
3756
3755
3746
3736
3731
3715
3705
3705
3698
3691
3675
3672
3637
3629
3616
3616
3613
3612
3598
3589
3575
3570
3529
3518
3506
3487
3483
3482
3481
3472
3451
3448
3445
3436
3429
3423
3423
3416
3410
3405
3382
3362
3361
3322
3320
3318
3293
3293
3268
3265
3228
3228
3224
3219
3205
3201
3195
3191
3176
3174
3173
3170
3170
3159
3143
3101
3099
3090
3085
3084
3070
3070
3070
3068
3066
3066
3061
3058
3054
3048
3046
3046
3039
3036
3000
2984
2981
2960
2947
2946
2944
2943
2939
2937
2924
2909
2905
2899
2892
2880
2874
2867
2862
2859
2831
2829
2817
2813
2807
2806
2794
2754
2746
2728
2725
2720
2701
2686
2676
2667
2658
2643
2638
2593
2583
2524
2511
2506
2495
2489
2469
2453
2423
2403
2396
2379
2341
2338
2335
2298
2285
2285
2278
2269
2262
2256
2248
2236
2223
2223
2212
2207
2201
2196
2194
2178
2167
2146
2143
2136
2136
2122
2120
2091
2089
2080
2079
2073
2063
2059
2045
2024
2018
2017
1982
1975
1971
1966
1956
1949
1938
1930
1916
1911
1894
1888
1887
1884
1874
1846
1846
1843
1834
1830
1812
1810
1806
1789
1761
1758
1739
1737
1734
1731
1726
1720
1716
1711
1711
1705
1701
1694
1690
1681
1681
1679
1677
1675
1673
1669
1638
1635
1628
1609
1606
1598
1579
1568
1550
1546
1545
1529
1520
1500
1497
1496
1490
1483
1483
1481
1459
1456
1454
1450
1449
1441
1408
1367
1356
1345
1328
1322
1320
1318
1316
1316
1309
1295
1282
1281
1275
1260
1259
1257
1245
1240
1232
1231
1229
1192
1182
1181
1170
1159
1133
1129
1116
1098
1096
1093
1076
1073
1065
1062
1058
1039
1037
1034
1017
1008
1006
988
982
982
981
955
934
933
933
923
920
917
916
900
877
871
861
854
839
839
830
827
822
814
812
805
787
769
769
758
758
750
727
726
720
719
699
693
686
659
650
643
637
615
600
586
585
583
571
563
545
530
515
505
494
491
489
488
480
476
474
447
439
436
415
405
401
398
398
395
361
354
353
335
329
314
287
283
277
267
260
255
254
248
239
225
206
199
187
178
165
162
162
162
125
108
106
81
59
37
35
32
29
