6.807000
5.249000
0.073000
3.658000
8.930000
1.272000
7.544000
0.878000
7.923000
7.709000
4.440000
8.165000
4.492000
3.042000
7.987000
2.503000
2.327000
1.729000
8.840000
2.612000
4.303000
3.169000
7.709000
7.157000
9.560000
0.933000
3.099000
0.278000
1.816000
5.335000
9.097000
7.826000
3.512000
9.267000
3.810000
7.633000
0.979000
9.149000
6.579000
8.821000
1.967000
0.672000
1.393000
9.336000
5.485000
1.745000
5.228000
4.091000
0.194000
6.357000
5.001000
1.153000
6.708000
7.944000
5.668000
1.490000
8.124000
2.196000
9.530000
0.903000
7.722000
4.666000
8.549000
8.024000
7.801000
6.853000
0.977000
7.408000
8.228000
4.933000
0.298000
8.981000
8.635000
8.013000
3.865000
9.814000
9.063000
4.536000
9.425000
1.669000
4.115000
0.094000
5.629000
6.501000
6.517000
4.195000
0.105000
0.404000
9.451000
4.298000
2.188000
1.123000
9.505000
6.882000
6.752000
1.566000
6.716000
0.337000
4.438000
3.144000
